[[ 1.          0.23670394  0.          0.          0.          0.05490733
   0.05490733]
 [ 0.23670394  1.          0.          0.          0.          0.47954329
   0.47954329]
 [ 0.          0.          1.          0.          0.          0.
   0.        ]
 [ 0.          0.          0.          1.          0.         -0.31306833
   0.31306833]
 [ 0.          0.          0.          0.          1.         -0.2424034
  -0.2424034 ]
 [ 0.05490733  0.47954329  0.         -0.31306833 -0.2424034   1.
   0.25593819]
 [ 0.05490733  0.47954329  0.          0.31306833 -0.2424034   0.25593819
   1.        ]]