[[ 2.90031999e+01 -1.68010939e-01  0.00000000e+00  0.00000000e+00
   0.00000000e+00 -1.99451509e-03 -1.99451509e-03]
 [-1.68010939e-01  8.08127955e-01  0.00000000e+00  0.00000000e+00
   0.00000000e+00  1.32100731e-01  1.32100731e-01]
 [ 0.00000000e+00  0.00000000e+00  2.52873120e+00  0.00000000e+00
   0.00000000e+00  0.00000000e+00  0.00000000e+00]
 [ 0.00000000e+00  0.00000000e+00  0.00000000e+00  2.52873120e+00
   0.00000000e+00 -2.29182700e-01  2.29182700e-01]
 [ 0.00000000e+00  0.00000000e+00  0.00000000e+00  0.00000000e+00
   2.52873120e+00 -1.77452208e-01 -1.77452208e-01]
 [-1.99451509e-03  1.32100731e-01  0.00000000e+00 -2.29182700e-01
  -1.77452208e-01  7.60031884e-01  9.44425083e-03]
 [-1.99451509e-03  1.32100731e-01  0.00000000e+00  2.29182700e-01
  -1.77452208e-01  9.44425083e-03  7.60031884e-01]]